1   293.301605   293.301605   0.000000
188859.709932     8253809.082146
188905.046973     8253520.080854
FIM
2   1714.620361   1714.620361   0.000000
188905.046973     8253520.080854
189111.073925     8253818.425694
FIM
3   190.154205   190.154205   0.000000
189111.073925     8253818.425694
189161.180434     8253635.884234
FIM
4   -1.000000   985.817871   0.000000
189476.492191     8252505.428164
190460.200015     8252458.975130
FIM
5   119.634560   119.634560   0.000000
194304.142058     8250917.843940
194393.682292     8250840.918167
FIM
6   215.109573   -1.000000   0.000000
192739.862650     8251169.273797
192798.073918     8251376.357281
FIM
7   -1.000000   217.635620   0.000000
192699.870046     8251408.576974
192637.860157     8251199.962402
FIM
8   220.064240   220.064240   0.000000
192324.992685     8251521.112043
192263.946551     8251309.684425
FIM
9   214.708694   214.708694   0.000000
191931.554889     8251649.710446
191871.555197     8251443.555502
FIM
10   208.606812   208.606812   0.000000
191826.879206     8251679.000473
191759.440334     8251481.595310
FIM
11   211.598053   211.598053   0.000000
191719.128879     8251713.345653
191651.493389     8251512.848327
FIM
12   933.547424   -1.000000   0.000000
189412.864251     8252108.743561
190209.019275     8251621.274982
FIM
13   1009.200806   1009.200806   0.000000
193957.713823     8252293.628392
194966.209366     8252298.947939
FIM
14   495.027893   495.027893   0.000000
195009.000000     8251156.302234
194595.834506     8250883.904474
FIM
15   1185.912476   1185.912476   0.000000
192026.538494     8251165.097339
192254.878940     8250203.615771
FIM
16   52.754513   52.754513   0.000000
193085.323075     8249934.464013
193092.239020     8249882.164794
FIM
17   1435.847656   1435.847656   0.000000
192254.878940     8250203.615771
191564.203319     8249058.674798
FIM
18   14.892813   14.892813   0.000000
188023.924588     8258926.092785
188016.380757     8258913.251972
FIM
19   236.383865   236.383865   0.000000
189710.141908     8258937.000000
189783.380185     8258712.247942
FIM
20   -1.000000   491.343903   0.000000
185151.612673     8253732.122249
185623.200823     8253594.240931
FIM
21   497.344177   -1.000000   0.000000
185083.275688     8253534.720822
185559.593026     8253391.636882
FIM
22   709.451843   709.451843   0.000000
189783.380185     8258712.247942
189299.531982     8258215.873382
FIM
23   1995.456299   1995.456299   0.000000
189783.380185     8258712.247942
191171.413251     8257521.154760
FIM
24   515.789001   515.789001   0.000000
191171.413251     8257521.154760
191437.841316     8257085.174383
FIM
25   1270.480225   1270.480225   0.000000
193107.163484     8253917.469862
192172.557427     8253057.097262
FIM
26   268.948669   268.948669   0.000000
189820.704071     8258596.376096
190022.518758     8258669.424240
FIM
27   873.888245   873.888245   0.000000
190022.518758     8258669.424240
190133.401900     8257832.902667
FIM
28   1135.442383   1135.442383   0.000000
189820.704071     8258596.376096
189993.721667     8257775.252762
FIM
29   512.447754   512.447754   0.000000
187459.820987     8257851.352139
187891.968988     8257984.904092
FIM
30   432.653473   432.653473   0.000000
191117.148723     8256861.933633
191437.841316     8257085.174383
FIM
31   2174.545410   2174.545410   0.000000
192112.423574     8256392.754687
192491.596317     8254784.458435
FIM
32   335.058258   335.058258   0.000000
192770.962217     8254933.707524
192580.248817     8254659.194753
FIM
33   294.512207   294.512207   0.000000
191803.905193     8255646.612767
191898.563681     8255368.077799
FIM
34   294.601440   294.601440   0.000000
191619.321005     8255274.476073
191898.563681     8255368.077799
FIM
35   170.150284   170.150284   0.000000
191771.486408     8254762.558109
191937.828819     8254798.349870
FIM
36   131.446838   131.446838   0.000000
191937.828819     8254798.349870
192068.547935     8254784.537479
FIM
37   345.924561   345.924561   0.000000
191838.422626     8254442.249772
192111.455655     8254555.665972
FIM
38   273.541077   273.541077   0.000000
191935.812680     8253784.691313
192206.437310     8253824.408265
FIM
39   293.881805   293.881805   0.000000
191972.708709     8253326.103367
192263.895420     8253365.812353
FIM
40   302.312653   302.312653   0.000000
190574.657452     8256455.805016
190863.016433     8256546.457432
FIM
41   3990.184814   3990.184814   0.000000
190863.016433     8256546.457432
191357.592311     8252947.952397
FIM
42   452.758240   452.758240   0.000000
190133.401900     8257832.902667
190565.029275     8257969.462784
FIM
43   2958.336914   2958.336914   0.000000
189993.721667     8257775.252762
190263.643842     8255237.700226
FIM
44   168.283401   168.283401   0.000000
190117.108655     8255227.803825
190263.643842     8255237.700226
FIM
45   1869.567017   1869.567017   0.000000
188750.236881     8258203.202357
189330.210436     8256426.731247
FIM
46   760.362183   760.362183   0.000000
189330.210436     8256426.731247
189586.521861     8255754.228944
FIM
47   1258.540039   1258.540039   0.000000
190437.578580     8253872.298848
190503.182465     8253183.458101
FIM
48   258.951904   258.951904   0.000000
190510.649958     8255202.577189
190593.084042     8254957.392359
FIM
49   2038.281738   2038.281738   0.000000
190593.084042     8254957.392359
190890.162452     8252950.622160
FIM
50   177.721893   177.721893   0.000000
190713.460971     8252957.531832
190890.162452     8252950.622160
FIM
51   114.399559   114.399559   0.000000
183583.661425     8255421.849717
183694.527289     8255394.171069
FIM
52   182.854935   182.854935   0.000000
187921.345183     8252871.185424
187872.033464     8252695.105098
FIM
53   180.608063   180.608063   0.000000
187508.262031     8252994.486446
187461.696601     8252819.984487
FIM
54   187.318298   187.318298   0.000000
186971.072037     8253165.207686
186917.725437     8252985.646312
FIM
55   191.079666   191.079666   0.000000
186590.265447     8253282.633650
186541.622778     8253097.853281
FIM
56   -1.000000   211.513977   0.000000
185653.317366     8253584.266190
185587.962703     8253383.102252
FIM
57   212.354309   -1.000000   0.000000
185623.200823     8253594.240931
185559.593026     8253391.636882
FIM
58   -1.000000   294.545807   0.000000
185897.793570     8253503.267678
186077.570453     8253332.779179
FIM
59   243.448746   -1.000000   0.000000
186038.933539     8253454.144152
186125.049778     8253486.506764
FIM
60   328.247925   -1.000000   0.000000
185813.601587     8253315.428324
185986.556132     8253038.413805
FIM
61   339.215271   -1.000000   0.000000
185986.556132     8253038.413805
186298.957453     8253166.032532
FIM
62   -1.000000   229.840775   0.000000
185990.243402     8253259.314322
186026.961472     8253169.079907
FIM
63   78.250839   78.250839   0.000000
186686.471759     8255450.887621
186701.781146     8255374.155086
FIM
64   111.983353   111.983353   0.000000
186124.923574     8250348.293581
186097.121142     8250247.855148
FIM
65   668.976196   668.976196   0.000000
184292.539834     8251006.261615
184907.799159     8250758.303662
FIM
66   323.138611   323.138611   0.000000
184907.799159     8250758.303662
185177.197732     8250936.749466
FIM
67   220.339096   220.339096   0.000000
184633.709185     8252102.669806
184836.950916     8252187.720904
FIM
68   403.155792   403.155792   0.000000
184836.950916     8252187.720904
184947.976586     8252575.287545
FIM
69   826.098511   826.098511   0.000000
187343.712586     8255059.990794
187108.590640     8254268.058697
FIM
70   781.362854   781.362854   0.000000
187462.659838     8254945.111348
187232.423581     8254198.441916
FIM
71   135.540405   135.540405   0.000000
186932.740227     8253679.964682
187067.041885     8253661.693456
FIM
72   436.026062   436.026062   0.000000
187415.471490     8253613.054351
187538.331658     8254031.413188
FIM
73   348.537445   348.537445   0.000000
187538.331658     8254031.413188
187232.423581     8254198.441916
FIM
74   531.600708   531.600708   0.000000
188037.612438     8253830.989980
187854.394865     8253372.934707
FIM
75   580.214478   580.214478   0.000000
188062.330379     8253030.346306
187854.394865     8253372.934707
FIM
76   82.471695   82.471695   0.000000
187704.953352     8252745.796079
187666.685080     8252673.041196
FIM
77   361.805420   361.805420   0.000000
187465.018229     8252441.762783
187650.531440     8252135.678763
FIM
78   569.835388   569.835388   0.000000
187666.685080     8252673.041196
187876.856829     8252153.033285
FIM
79   303.964539   303.964539   0.000000
185177.197732     8250936.749466
185350.401780     8250687.036429
FIM
80   116.969543   116.969543   0.000000
185254.138595     8250620.625641
185350.401780     8250687.036429
FIM
81   793.521973   793.521973   0.000000
185698.877106     8251001.025844
186369.682460     8251338.569107
FIM
82   706.374878   706.374878   0.000000
185742.057092     8250941.576096
186419.036848     8251139.262661
FIM
83   427.820496   427.820496   0.000000
183694.527289     8255394.171069
183591.924314     8254978.839522
FIM
84   276.200470   276.200470   0.000000
183579.313917     8254297.140065
183777.659748     8254335.160251
FIM
85   356.566193   356.566193   0.000000
183591.924314     8254978.839522
183932.126278     8254872.088703
FIM
86   352.715851   352.715851   0.000000
183566.675978     8254877.326517
183905.719813     8254780.075528
FIM
87   313.290375   313.290375   0.000000
183579.641045     8254780.026000
183880.638425     8254693.126974
FIM
88   287.297638   287.297638   0.000000
183578.879718     8254683.830577
183853.270597     8254598.686105
FIM
89   38.595417   38.595417   0.000000
183571.804789     8254576.439146
183608.847973     8254565.603609
FIM
90   226.970657   226.970657   0.000000
183581.163184     8254473.035147
183799.675666     8254411.651290
FIM
91   207.838684   207.838684   0.000000
183578.631269     8254395.031654
183777.659748     8254335.160251
FIM
92   96.619705   96.619705   0.000000
183581.163184     8254473.035147
183608.847973     8254565.603609
FIM
93   867.371582   867.371582   0.000000
183586.244886     8255823.405691
184421.319945     8255597.757879
FIM
94   1353.481079   1353.481079   0.000000
186746.270677     8255416.545353
187816.082755     8256168.986768
FIM
95   186.470428   186.470428   0.000000
187074.258934     8255222.803578
187066.950118     8255408.190625
FIM
96   1094.317017   1094.317017   0.000000
187066.950118     8255408.190625
188085.492144     8255808.318066
FIM
97   897.463745   897.463745   0.000000
189330.210436     8256426.731247
189536.020143     8255739.334190
FIM
98   719.376221   719.376221   0.000000
189536.020143     8255739.334190
189759.931731     8255055.692652
FIM
99   48.396175   48.396175   0.000000
189805.877664     8255070.896634
189759.931731     8255055.692652
FIM
100   1233.104004   1233.104004   0.000000
189669.140159     8255025.814832
190057.050514     8253959.289579
FIM
101   427.791901   427.791901   0.000000
189758.362900     8253719.629917
190048.376548     8253595.344598
FIM
102   457.536499   457.536499   0.000000
190071.147500     8253830.592876
189625.198558     8253734.193354
FIM
103   914.495789   914.495789   0.000000
185475.901358     8254493.318113
186348.571550     8254219.971068
FIM
104   524.180847   524.180847   0.000000
185433.097546     8254418.788989
185933.631811     8254263.126603
FIM
105   541.091919   541.091919   0.000000
185398.811070     8254359.216850
185914.799488     8254196.316786
FIM
106   308.317596   308.317596   0.000000
186278.647862     8255477.536863
186194.517369     8255180.919587
FIM
107   181.899155   181.899155   0.000000
186278.647862     8255477.536863
186451.573744     8255421.110442
FIM
108   304.309570   304.309570   0.000000
186451.573744     8255421.110442
186362.179538     8255130.326973
FIM
109   251.523712   251.523712   0.000000
186309.204062     8254950.183276
186551.118315     8254881.444868
FIM
110   175.134277   175.134277   0.000000
186194.517369     8255180.919587
186362.179538     8255130.326973
FIM
111   241.757782   241.757782   0.000000
186348.571550     8254219.971068
186579.997983     8254150.056733
FIM
112   215.138702   215.138702   0.000000
186579.997983     8254150.056733
186729.220163     8253995.081239
FIM
113   541.705139   541.705139   0.000000
186579.997983     8254150.056733
187108.590640     8254268.058697
FIM
114   727.259644   727.259644   0.000000
186265.604365     8253947.775319
186924.915022     8253651.610606
FIM
115   755.341736   755.341736   0.000000
186729.220163     8253995.081239
186213.783159     8253777.663828
FIM
116   138.571884   138.571884   0.000000
185789.567598     8253752.326100
185920.207751     8253706.116592
FIM
117   318.681305   318.681305   0.000000
185920.207751     8253706.116592
186158.748403     8253771.422410
FIM
118   49.898933   49.898933   0.000000
186022.071922     8253991.810282
186005.900933     8253944.604322
FIM
119   152.518768   152.518768   0.000000
185840.016957     8253931.276774
185986.190825     8253887.743176
FIM
120   156.014771   156.014771   0.000000
185857.153447     8253991.665924
186005.900933     8253944.604322
FIM
121   161.185486   161.185486   0.000000
185900.449127     8254145.261466
186054.895318     8254099.140573
FIM
122   493.103363   493.103363   0.000000
186194.087847     8254572.187754
186054.895318     8254099.140573
FIM
123   250.595352   250.595352   0.000000
186194.087847     8254572.187754
186434.053700     8254499.976825
FIM
124   -1.000000   381.006378   0.000000
183597.744494     8249983.956140
183975.177371     8249931.895695
FIM
125   1339.053223   1339.053223   0.000000
188184.050237     8252599.323645
187776.169714     8251325.553493
FIM
126   836.471558   836.471558   0.000000
187333.200974     8250958.687005
187441.597473     8251638.390886
FIM
127   409.437561   409.437561   0.000000
187441.597473     8251638.390886
187814.242395     8251499.028058
FIM
128   408.306976   408.306976   0.000000
187441.597473     8251638.390886
187823.586734     8251531.115740
FIM
129   141.345352   141.345352   0.000000
188272.656160     8252766.325313
188228.367116     8252632.098210
FIM
130   145.753006   145.753006   0.000000
188089.900665     8252677.603615
188228.367116     8252632.098210
FIM
131   42.105160   42.105160   0.000000
188342.799435     8252549.320681
188355.933962     8252589.324791
FIM
132   407.426147   407.426147   0.000000
189115.262436     8252631.404025
188990.639563     8252243.506132
FIM
133   -1.000000   464.778595   0.000000
189803.571028     8252391.472613
189725.235649     8252034.412874
FIM
134   540.807434   -1.000000   0.000000
189725.235649     8252034.412874
189878.893050     8252364.941925
FIM
135   603.951172   603.951172   0.000000
190006.043901     8251966.735464
190537.495552     8251830.605187
FIM
136   723.423035   723.423035   0.000000
190047.673776     8252305.892392
190649.349343     8252084.215605
FIM
137   324.805878   324.805878   0.000000
190534.354918     8252125.927046
190858.872614     8252114.166100
FIM
138   328.232361   328.232361   0.000000
191113.525425     8252296.092739
190858.872614     8252114.166100
FIM
139   860.819641   860.819641   0.000000
191094.319447     8252203.590681
190846.950251     8251379.303082
FIM
140   7031.252930   7031.252930   0.000000
189820.704071     8258596.376096
191065.491578     8251799.761565
FIM
141   2273.756104   2273.756104   0.000000
191239.411507     8252144.577509
190220.865649     8250142.539917
FIM
142   285.625061   285.625061   0.000000
190292.736832     8251894.355651
190209.019275     8251621.274982
FIM
143   58.207142   58.207142   0.000000
187711.018885     8258279.538125
187734.690950     8258226.889404
FIM
144   504.240692   504.240692   0.000000
187734.690950     8258226.889404
188215.216072     8258379.709506
FIM
145   231.342194   231.342194   0.000000
188761.481124     8258795.679804
188823.462051     8258572.795131
FIM
146   456.214935   456.214935   0.000000
187913.140998     8258623.908004
188215.216072     8258379.709506
FIM
147   953.546753   953.546753   0.000000
193093.894536     8255440.319135
193783.733765     8254782.008265
FIM
148   241.842377   241.842377   0.000000
193802.399401     8255428.454799
194033.605597     8255372.415548
FIM
149   641.145264   641.145264   0.000000
194033.605597     8255372.415548
193783.733765     8254782.008265
FIM
150   588.176636   588.176636   0.000000
192153.948422     8254302.858585
192491.596317     8254784.458435
FIM
151   688.432861   688.432861   0.000000
192172.557427     8253057.097262
192830.437526     8252854.283190
FIM
152   569.828613   569.828613   0.000000
192062.401468     8252288.634564
192606.400463     8252124.448875
FIM
153   1523.852661   1523.852661   0.000000
193277.610622     8253408.546831
192632.939160     8252115.409383
FIM
154   1828.474365   1828.474365   0.000000
186463.649054     8258937.000000
187156.610782     8257746.696990
FIM
155   915.608032   915.608032   0.000000
186284.118206     8257850.087100
187156.610782     8257746.696990
FIM
156   923.155762   923.155762   0.000000
183618.141099     8252008.267838
184412.427949     8252473.125205
FIM
157   461.294342   461.294342   0.000000
184412.427949     8252473.125205
184793.224838     8252729.016650
FIM
158   332.065125   332.065125   0.000000
184412.427949     8252473.125205
184734.299616     8252546.758335
FIM
159   163.582443   163.582443   0.000000
194321.678477     8250695.568478
194393.682292     8250840.918167
FIM
160   427.716156   427.716156   0.000000
194414.058487     8250875.389238
194802.765099     8251028.185344
FIM
161   90.824028   90.824028   0.000000
194516.641615     8250828.467286
194607.034758     8250819.630800
FIM
162   66.679375   66.679375   0.000000
194595.834506     8250883.904474
194607.034758     8250819.630800
FIM
163   598.650574   598.650574   0.000000
194303.400219     8250683.434793
194504.932254     8250119.726198
FIM
164   543.189026   543.189026   0.000000
193683.198334     8250269.889104
194129.166807     8250014.815907
FIM
165   419.349976   419.349976   0.000000
194966.209366     8252298.947939
194878.811991     8251888.806391
FIM
166   1457.600342   1457.600342   0.000000
188025.488200     8248247.879083
186875.113073     8247353.339083
FIM
167   2086.220215   2086.220215   0.000000
187408.870414     8246277.000000
189305.002036     8247146.843814
FIM
168   1653.133789   1653.133789   0.000000
188008.230004     8248325.523449
186699.930458     8247315.051174
FIM
169   325.764618   325.764618   0.000000
188775.141038     8248999.803478
188517.768669     8248800.098583
FIM
170   401.618073   401.618073   0.000000
186699.930458     8247315.051174
186376.214161     8247080.039501
FIM
171   -1.000000   264.611359   0.000000
184802.651437     8249819.520746
184986.881582     8249997.867781
FIM
172   514.116760   514.116760   0.000000
186100.920770     8246801.386441
186598.935045     8246869.730928
FIM
173   407.214355   407.214355   0.000000
183566.539812     8246501.518999
183961.223110     8246401.276691
FIM
174   144.844284   144.844284   0.000000
187443.359871     8246277.000000
187566.801920     8246352.775514
FIM
175   419.643402   419.643402   0.000000
190287.642998     8246302.781981
190666.265218     8246436.096543
FIM
176   173.685486   173.685486   0.000000
189636.600821     8246280.903708
189810.280841     8246282.282429
FIM
177   103.498848   103.498848   0.000000
189636.600821     8246280.903708
189599.723132     8246377.609695
FIM
178   78.821518   78.821518   0.000000
188678.734148     8247947.595403
188739.738935     8247997.455021
FIM
179   18.109858   18.109858   0.000000
189058.681185     8248242.556884
189045.314022     8248230.338622
FIM
180   121.805840   121.805840   0.000000
186002.698601     8246282.851102
185961.539307     8246392.965451
FIM
181   119.475739   119.475739   0.000000
185961.539307     8246392.965451
185897.775106     8246292.313049
FIM
182   309.823639   309.823639   0.000000
186225.318968     8247348.786058
186376.214161     8247080.039501
FIM
183   274.596130   274.596130   0.000000
186394.854768     8247052.626631
186598.935045     8246869.730928
FIM
184   -1.000000   1030.064697   0.000000
184292.539834     8251006.261615
184074.795716     8250001.371041
FIM
185   -1.000000   3188.237793   0.000000
183583.494538     8246644.974883
183992.736920     8249803.439144
FIM
186   319.211456   -1.000000   0.000000
183598.154265     8249956.835605
183913.847575     8249909.573663
FIM
187   144.517120   144.517120   0.000000
183583.494538     8246644.974883
183566.539812     8246501.518999
FIM
188   363.343140   363.343140   0.000000
183615.454793     8246292.947552
183961.223110     8246401.276691
FIM
189   506.947510   -1.000000   0.000000
183961.223110     8246401.276691
183623.838864     8246763.003924
FIM
190   323.703064   323.703064   0.000000
185749.160701     8248124.597908
185494.270320     8247925.062032
FIM
191   217.621063   217.621063   0.000000
185494.270320     8247925.062032
185631.518078     8247756.177522
FIM
192   228.879028   228.879028   0.000000
185450.341117     8247616.354398
185631.518078     8247756.177522
FIM
193   611.232361   611.232361   0.000000
191556.756661     8246277.000000
191760.399204     8246803.792756
FIM
194   165.327820   165.327820   0.000000
191647.739329     8247590.196035
191812.291649     8247576.594969
FIM
195   160.441422   160.441422   0.000000
191645.457660     8247486.683621
191805.188893     8247471.604384
FIM
196   244.774857   244.774857   0.000000
191814.842703     8247613.987236
192058.711379     8247592.944468
FIM
197   248.074036   248.074036   0.000000
191802.421630     8247429.473719
192050.190090     8247417.164381
FIM
198   209.354523   209.354523   0.000000
191793.881848     8247301.306483
192003.204969     8247298.046323
FIM
199   215.097321   215.097321   0.000000
191784.819821     8247170.250454
191999.837855     8247164.410594
FIM
200   128.377228   128.377228   0.000000
191461.902781     8247363.287535
191589.964703     8247354.295556
FIM
201   84.620049   84.620049   0.000000
191589.964703     8247354.295556
191585.417162     8247269.797788
FIM
202   149.547714   149.547714   0.000000
191319.464209     8247283.995081
191468.787621     8247275.807369
FIM
203   187.287766   187.287766   0.000000
191468.787621     8247275.807369
191461.085980     8247088.678018
FIM
204   197.550400   197.550400   0.000000
191587.677873     8247182.947325
191784.819821     8247170.250454
FIM
205   69.750725   69.750725   0.000000
191760.399204     8246803.792756
191690.823581     8246808.732050
FIM
206   193.666351   193.666351   0.000000
191159.577441     8246842.328405
191141.831513     8246649.476813
FIM
207   155.523041   155.523041   0.000000
191313.980958     8246988.222097
191301.649477     8246833.188712
FIM
208   154.564957   154.564957   0.000000
191452.708035     8246978.734517
191439.766174     8246824.712324
FIM
209   153.135025   153.135025   0.000000
191580.363540     8246968.930033
191567.237680     8246816.358580
FIM
210   262.590668   262.590668   0.000000
191707.809574     8247070.769472
191690.823581     8246808.732050
FIM
211   57.046452   57.046452   0.000000
191111.269410     8246288.513840
191093.993026     8246342.881334
FIM
212   145.147888   145.147888   0.000000
191029.475255     8246539.100164
190896.918973     8246479.966928
FIM
213   156.040421   156.040421   0.000000
191093.993026     8246342.881334
190949.333963     8246284.380323
FIM
214   120.403824   120.403824   0.000000
190666.265218     8246436.096543
190709.557757     8246323.745142
FIM
215   329.795441   329.795441   0.000000
189045.314022     8248230.338622
188902.553739     8247965.814128
FIM
216   286.215668   286.215668   0.000000
191762.711887     8251274.388666
192026.538494     8251165.097339
FIM
217   268.941803   268.941803   0.000000
189045.314022     8248230.338622
189258.679701     8248394.060291
FIM
218   53.819706   53.819706   0.000000
190599.149602     8246303.244810
190652.968750     8246303.000000
FIM
219   60.271690   60.271690   0.000000
190652.968750     8246303.000000
190709.557757     8246323.745142
FIM
220   1146.896484   1146.896484   0.000000
189071.355576     8247769.149987
188183.065995     8247106.657357
FIM
221   609.618042   609.618042   0.000000
191825.486969     8247771.835712
192427.057471     8247688.951102
FIM
222   808.039368   808.039368   0.000000
191829.321629     8246277.000000
192354.514062     8246709.639438
FIM
223   158.168182   158.168182   0.000000
191823.033910     8247806.502112
191980.992985     8247806.730344
FIM
224   1131.915649   1131.915649   0.000000
193870.197991     8247979.772469
192896.612914     8247408.464327
FIM
225   196.457016   196.457016   0.000000
192896.612914     8247408.464327
192880.333597     8247213.074228
FIM
226   355.838898   355.838898   0.000000
191058.003395     8250170.514082
191150.553056     8249881.747546
FIM
227   173.109146   173.109146   0.000000
192317.766329     8247874.575896
192225.655282     8247761.014498
FIM
228   1493.211670   1493.211670   0.000000
189972.928073     8251177.158679
191222.178708     8250359.828546
FIM
229   1164.176880   1164.176880   0.000000
191136.662506     8250888.416530
190450.798372     8249951.853668
FIM
230   113.399094   113.399094   0.000000
189304.981216     8248430.170710
189213.084892     8248482.696805
FIM
231   1057.221191   1057.221191   0.000000
191584.012904     8250421.891517
191227.901472     8249440.974609
FIM
232   489.974152   489.974152   0.000000
190737.370550     8248960.159174
190388.118222     8248668.377489
FIM
233   105.805382   105.805382   0.000000
189258.679701     8248394.060291
189213.084892     8248482.696805
FIM
234   117.627510   117.627510   0.000000
188678.734148     8247947.595403
188642.281428     8248057.492439
FIM
235   119.121880   119.121880   0.000000
188642.281428     8248057.492439
188739.738935     8247997.455021
FIM
236   313.308624   313.308624   0.000000
188100.195904     8247502.413469
187928.419764     8247762.159197
FIM
237   562.974915   562.974915   0.000000
186857.285178     8247338.406780
186682.657578     8246922.644782
FIM
238   780.326294   780.326294   0.000000
186255.016443     8247512.258138
186682.657578     8246922.644782
FIM
239   176.872055   176.872055   0.000000
187198.312170     8248665.629502
187328.837316     8248572.562765
FIM
240   323.607788   323.607788   0.000000
186599.606825     8247721.276368
186793.366170     8247462.086652
FIM
241   327.744385   327.744385   0.000000
186681.156253     8247781.818453
186897.622435     8247624.959201
FIM
242   174.071945   174.071945   0.000000
186675.462596     8248258.804489
186759.350638     8248111.098148
FIM
243   185.716415   185.716415   0.000000
186618.672167     8248214.494165
186759.350638     8248111.098148
FIM
244   158.401474   158.401474   0.000000
187254.182077     8248708.543420
187328.837316     8248572.562765
FIM
245   340.357330   340.357330   0.000000
189599.723132     8246377.609695
189810.280841     8246282.282429
FIM
246   93.562714   93.562714   0.000000
189926.418594     8246283.270245
189891.551630     8246370.093490
FIM
247   178.926224   178.926224   0.000000
190232.422463     8246286.262706
190177.895134     8246456.677974
FIM
248   207.808334   207.808334   0.000000
190371.734492     8246328.635160
190304.407764     8246525.234785
FIM
249   217.422012   217.422012   0.000000
190526.369043     8246400.823208
190424.679434     8246592.999044
FIM
250   216.658813   216.658813   0.000000
190667.592411     8246486.390481
190542.379357     8246663.203194
FIM
251   255.562561   255.562561   0.000000
190794.809857     8246586.450188
190619.559343     8246772.459548
FIM
252   215.518524   215.518524   0.000000
191085.473179     8246927.950531
190901.620542     8247040.406946
FIM
253   220.235870   220.235870   0.000000
191155.920532     8247052.674313
190961.667400     8247156.450799
FIM
254   244.269180   244.269180   0.000000
191231.853064     8247197.813546
191012.112711     8247304.498160
FIM
255   215.702179   215.702179   0.000000
191298.971289     8247326.450287
191102.418131     8247414.729466
FIM
256   224.739685   224.739685   0.000000
191366.456516     8247455.933037
191163.776084     8247553.033843
FIM
257   236.982941   236.982941   0.000000
191556.210671     8247688.484024
191425.236133     8247885.984868
FIM
258   225.349792   225.349792   0.000000
191686.604305     8247769.345901
191599.355139     8247977.120083
FIM
259   211.501404   211.501404   0.000000
191823.033910     8247806.502112
191805.556644     8248017.066606
FIM
260   231.226456   231.226456   0.000000
191980.992985     8247806.730344
191999.146222     8248037.243103
FIM
261   245.139343   245.139343   0.000000
192163.128926     8247773.232687
192181.922129     8248017.633761
FIM
262   498.022430   498.022430   0.000000
192427.057471     8247688.951102
192390.730537     8247192.260324
FIM
263   469.932220   469.932220   0.000000
192390.730537     8247192.260324
192858.888661     8247151.557053
FIM
264   1383.429443   1383.429443   0.000000
189011.381975     8247848.087542
190043.534327     8248748.009499
FIM
265   221.879898   221.879898   0.000000
189898.869016     8248916.236182
190043.534327     8248748.009499
FIM
266   326.098236   326.098236   0.000000
190086.418008     8248792.139486
190388.118222     8248668.377489
FIM
267   1069.330566   1069.330566   0.000000
191150.553056     8249881.747546
190400.197369     8249120.288265
FIM
268   2431.864014   2431.864014   0.000000
186117.547565     8250256.139507
187760.208382     8249460.305430
FIM
269   673.685242   -1.000000   0.000000
185258.251192     8249126.406095
185591.032764     8249687.345148
FIM
270   190.144165   190.144165   0.000000
185591.032764     8249687.345148
185684.682888     8249521.902880
FIM
271   101.161148   101.161148   0.000000
185925.875246     8249109.580809
185926.142275     8249008.420014
FIM
272   199.257095   199.257095   0.000000
186256.939987     8249687.542783
186156.340264     8249515.625572
FIM
273   1344.049561   1344.049561   0.000000
185927.993444     8248293.533900
187048.172591     8248993.232479
FIM
274   875.882202   875.882202   0.000000
187048.172591     8248993.232479
187608.024842     8249323.479502
FIM
275   203.916656   203.916656   0.000000
187772.963360     8249443.341683
187608.024842     8249323.479502
FIM
276   2697.516357   2697.516357   0.000000
187760.208382     8249460.305430
189704.279926     8251309.922015
FIM
277   298.417297   298.417297   0.000000
189956.135104     8251149.872031
189704.279926     8251309.922015
FIM
278   405.884308   405.884308   0.000000
188343.526509     8249531.823169
188614.833775     8249257.076243
FIM
279   35.756115   35.756115   0.000000
188642.227811     8249279.947080
188614.833775     8249257.076243
FIM
280   278.351044   278.351044   0.000000
187644.784838     8248539.343632
187833.512263     8248369.280611
FIM
281   783.323730   783.323730   0.000000
187757.908610     8248621.117587
188223.784843     8247991.642127
FIM
282   321.205322   321.205322   0.000000
188313.512831     8249047.994557
188517.768669     8248800.098583
FIM
283   824.781128   824.781128   0.000000
188777.091040     8249411.708642
189413.561206     8249934.471732
FIM
284   148.498444   148.498444   0.000000
189398.111096     8250455.621277
189477.372041     8250333.766691
FIM
285   303.004211   303.004211   0.000000
189413.561206     8249934.471732
189621.736419     8249714.302194
FIM
286   304.801331   304.801331   0.000000
189873.544732     8250432.207084
190107.303464     8250236.640176
FIM
287   143.381256   143.381256   0.000000
189778.645150     8250325.154998
189873.544732     8250432.207084
FIM
288   162.998428   162.998428   0.000000
189830.147823     8250980.550891
189920.037642     8250852.142197
FIM
289   3151.691895   3151.691895   0.000000
189299.531982     8258215.873382
190117.108655     8255227.803825
FIM
290   585.132874   585.132874   0.000000
188750.236881     8258203.202357
189299.531982     8258215.873382
FIM
291   288.605743   288.605743   0.000000
187734.690950     8258226.889404
187891.968988     8257984.904092
FIM
292   638.157654   638.157654   0.000000
188215.216072     8258379.709506
188823.462051     8258572.795131
FIM
293   304.786072   -1.000000   0.000000
187913.140998     8258623.908004
188066.687784     8258887.190989
FIM
294   152.456757   152.456757   0.000000
188823.462051     8258572.795131
188968.757288     8258618.972559
FIM
295   887.318176   887.318176   0.000000
187891.968988     8257984.904092
188750.236881     8258203.202357
FIM
296   399.304352   -1.000000   0.000000
187711.018885     8258279.538125
187913.140998     8258623.908004
FIM
297   496.431030   -1.000000   0.000000
187459.820987     8257851.352139
187711.018885     8258279.538125
FIM
298   173.122452   173.122452   0.000000
187156.610782     8257746.696990
187231.307922     8257590.518638
FIM
299   121.735901   121.735901   0.000000
189783.380185     8258712.247942
189820.704071     8258596.376096
FIM
300   2251.152588   2251.152588   0.000000
190022.518758     8258669.424240
191117.148723     8256861.933633
FIM
301   2876.216797   2876.216797   0.000000
189993.721667     8257775.252762
190878.407714     8255038.638143
FIM
302   1446.065186   1446.065186   0.000000
190133.401900     8257832.902667
190574.657452     8256455.805016
FIM
303   3612.246582   3612.246582   0.000000
190574.657452     8256455.805016
191357.592311     8252947.952397
FIM
304   161.906204   161.906204   0.000000
190863.016433     8256546.457432
191013.724225     8256605.624843
FIM
305   1665.000977   1665.000977   0.000000
191117.148723     8256861.933633
191619.321005     8255274.476073
FIM
306   967.246338   967.246338   0.000000
191437.841316     8257085.174383
192112.423574     8256392.754687
FIM
307   2835.463623   2835.463623   0.000000
191171.413251     8257521.154760
193093.894536     8255440.319135
FIM
308   1736.990723   1736.990723   0.000000
192112.423574     8256392.754687
193189.223544     8255060.327616
FIM
309   534.122498   534.122498   0.000000
191619.321005     8255274.476073
191771.486408     8254762.558109
FIM
310   565.579956   565.579956   0.000000
191898.563681     8255368.077799
192059.273057     8254825.889946
FIM
311   42.448975   42.448975   0.000000
192059.273057     8254825.889946
192068.547935     8254784.537479
FIM
312   232.858841   232.858841   0.000000
192068.547935     8254784.537479
192111.455655     8254555.665972
FIM
313   124.527740   124.527740   0.000000
191937.828819     8254798.349870
192059.273057     8254825.889946
FIM
314   327.231995   327.231995   0.000000
191771.486408     8254762.558109
191838.422626     8254442.249772
FIM
315   665.634460   665.634460   0.000000
191838.422626     8254442.249772
191935.812680     8253784.691313
FIM
316   460.069794   460.069794   0.000000
191935.812680     8253784.691313
191972.708709     8253326.103367
FIM
317   462.300903   462.300903   0.000000
192206.437310     8253824.408265
192263.895420     8253365.812353
FIM
318   87.811256   87.811256   0.000000
192263.895420     8253365.812353
192277.183115     8253279.012269
FIM
319   755.815186   755.815186   0.000000
191972.708709     8253326.103367
192047.362404     8252574.096254
FIM
320   286.079376   286.079376   0.000000
192047.362404     8252574.096254
192062.401468     8252288.634564
FIM
321   632.873779   632.873779   0.000000
192172.557427     8253057.097262
192047.362404     8252574.096254
FIM
322   798.492432   798.492432   0.000000
192830.437526     8252854.283190
193265.438834     8253445.134423
FIM
323   256.360168   256.360168   0.000000
192111.455655     8254555.665972
192153.948422     8254302.858585
FIM
324   215.062317   215.062317   0.000000
192153.948422     8254302.858585
192178.700296     8254089.287290
FIM
325   266.327332   266.327332   0.000000
192178.700296     8254089.287290
192206.437310     8253824.408265
FIM
326   153.460922   153.460922   0.000000
192491.596317     8254784.458435
192580.248817     8254659.194753
FIM
327   800.583069   -1.000000   0.000000
185475.901358     8254493.318113
185867.643560     8255191.509592
FIM
328   85.946243   -1.000000   0.000000
185433.097546     8254418.788989
185475.901358     8254493.318113
FIM
329   68.734283   -1.000000   0.000000
185398.811070     8254359.216850
185433.097546     8254418.788989
FIM
330   69.413315   69.413315   0.000000
185933.631811     8254263.126603
185914.799488     8254196.316786
FIM
331   53.033749   53.033749   0.000000
185914.799488     8254196.316786
185900.449127     8254145.261466
FIM
332   105.865990   105.865990   0.000000
185900.449127     8254145.261466
185871.675020     8254043.380855
FIM
333   112.237099   112.237099   0.000000
186054.895318     8254099.140573
186022.071922     8253991.810282
FIM
334   158.992935   158.992935   0.000000
186022.071922     8253991.810282
185871.675020     8254043.380855
FIM
335   199.178574   199.178574   0.000000
186005.900933     8253944.604322
186195.845873     8253884.662486
FIM
336   60.180382   60.180382   0.000000
186005.900933     8253944.604322
185986.190825     8253887.743176
FIM
337   200.415833   200.415833   0.000000
185986.190825     8253887.743176
186178.307621     8253830.667401
FIM
338   61.955441   61.955441   0.000000
185986.190825     8253887.743176
185965.022799     8253829.516110
FIM
339   53.715084   53.715084   0.000000
185871.675020     8254043.380855
185857.153447     8253991.665924
FIM
340   62.773472   62.773472   0.000000
185857.153447     8253991.665924
185840.016957     8253931.276774
FIM
341   61.385864   61.385864   0.000000
185840.016957     8253931.276774
185823.142389     8253872.255819
FIM
342   477.885590   -1.000000   0.000000
185789.567598     8253752.326100
186146.852955     8253557.957475
FIM
343   31.725410   31.725410   0.000000
185623.200823     8253594.240931
185653.317366     8253584.266190
FIM
344   -1.000000   257.544891   0.000000
185653.317366     8253584.266190
185897.793570     8253503.267678
FIM
345   29.625639   -1.000000   0.000000
185559.593026     8253391.636882
185587.962703     8253383.102252
FIM
346   235.568817   -1.000000   0.000000
185587.962703     8253383.102252
185813.601587     8253315.428324
FIM
347   676.652344   -1.000000   0.000000
185151.612673     8253732.122249
185398.811070     8254359.216850
FIM
348   208.895355   -1.000000   0.000000
185083.275688     8253534.720822
185151.612673     8253732.122249
FIM
349   191.547058   -1.000000   0.000000
184793.224838     8252729.016650
184734.299616     8252546.758335
FIM
350   900.520447   -1.000000   0.000000
184813.586857     8252675.532254
185083.275688     8253534.720822
FIM
351   199.973633   199.973633   0.000000
184947.976586     8252575.287545
184813.586857     8252675.532254
FIM
352   338.676758   338.676758   0.000000
190434.231109     8251857.586409
190729.024750     8251690.857117
FIM
353   200.739624   200.739624   0.000000
190729.024750     8251690.857117
190755.393554     8251492.134577
FIM
354   106.731117   106.731117   0.000000
190434.231109     8251857.586409
190537.495552     8251830.605187
FIM
355   122.325638   122.325638   0.000000
190534.354918     8252125.927046
190649.349343     8252084.215605
FIM
356   455.668213   455.668213   0.000000
190858.872614     8252114.166100
190729.024750     8251690.857117
FIM
357   1030.665649   1030.665649   0.000000
190755.393554     8251492.134577
191762.711887     8251274.388666
FIM
358   148.937790   148.937790   0.000000
190755.393554     8251492.134577
190846.950251     8251379.303082
FIM
359   91.146416   91.146416   0.000000
190117.108655     8255227.803825
190144.556256     8255140.898250
FIM
360   1192.961426   1192.961426   0.000000
190144.556256     8255140.898250
190425.482756     8253983.265763
FIM
361   181.922165   181.922165   0.000000
190263.643842     8255237.700226
190144.556256     8255140.898250
FIM
362   95.581345   95.581345   0.000000
189759.931731     8255055.692652
189669.140159     8255025.814832
FIM
363   1072.481567   1072.481567   0.000000
189805.877664     8255070.896634
190097.644570     8254040.012374
FIM
364   222.687897   222.687897   0.000000
189669.140159     8255025.814832
189457.458676     8254956.671160
FIM
365   90.750679   90.750679   0.000000
190097.644570     8254040.012374
190057.050514     8253959.289579
FIM
366   435.509552   435.509552   0.000000
190097.644570     8254040.012374
190425.482756     8253983.265763
FIM
367   129.466461   129.466461   0.000000
190057.050514     8253959.289579
190071.147500     8253830.592876
FIM
368   111.624214   111.624214   0.000000
190425.482756     8253983.265763
190437.578580     8253872.298848
FIM
369   692.245178   692.245178   0.000000
190437.578580     8253872.298848
190503.182465     8253183.458101
FIM
370   1453.624634   1453.624634   0.000000
190067.171118     8253405.457275
189758.362900     8253719.629917
FIM
371   458.270538   458.270538   0.000000
190117.499690     8253410.793282
190164.812108     8252954.971572
FIM
372   50.610653   50.610653   0.000000
190067.171118     8253405.457275
190117.499690     8253410.793282
FIM
373   190.815170   190.815170   0.000000
190048.376548     8253595.344598
190067.171118     8253405.457275
FIM
374   224.262802   224.262802   0.000000
190071.147500     8253830.592876
190095.370527     8253607.642101
FIM
375   48.576359   48.576359   0.000000
190048.376548     8253595.344598
190095.370527     8253607.642101
FIM
376   198.088760   198.088760   0.000000
190095.370527     8253607.642101
190117.499690     8253410.793282
FIM
377   631.143250   -1.000000   0.000000
185867.643560     8255191.509592
186193.880080     8255731.797964
FIM
378   2707.539551   -1.000000   0.000000
185836.451633     8255209.344849
184793.224838     8252729.016650
FIM
379   35.930943   35.930943   0.000000
185836.451633     8255209.344849
185867.643560     8255191.509592
FIM
380   670.995605   -1.000000   0.000000
187231.307922     8257590.518638
186888.115014     8257013.930644
FIM
381   50.022285   50.022285   0.000000
186151.898668     8255758.997044
186193.880080     8255731.797964
FIM
382   633.738403   -1.000000   0.000000
186151.898668     8255758.997044
185836.451633     8255209.344849
FIM
383   1458.149292   -1.000000   0.000000
186193.880080     8255731.797964
186941.481060     8256983.713334
FIM
384   567.495667   567.495667   0.000000
186193.880080     8255731.797964
186686.471759     8255450.887621
FIM
385   264.874207   -1.000000   0.000000
186125.049778     8253486.506764
186165.367250     8253413.986017
FIM
386   -1.000000   319.095703   0.000000
186077.570453     8253332.779179
186360.556386     8253359.577822
FIM
387   171.343872   171.343872   0.000000
186077.570453     8253332.779179
186026.961472     8253169.079907
FIM
388   152.147171   -1.000000   0.000000
185990.243402     8253259.314322
186135.451554     8253213.890150
FIM
389   -1.000000   202.660324   0.000000
186165.367250     8253413.986017
186360.556386     8253359.577822
FIM
390   -1.000000   132.665314   0.000000
186038.933539     8253454.144152
186165.367250     8253413.986017
FIM
391   160.892700   160.892700   0.000000
186125.049778     8253486.506764
186077.570453     8253332.779179
FIM
392   -1.000000   149.445099   0.000000
185897.793570     8253503.267678
186038.933539     8253454.144152
FIM
393   74.703300   74.703300   0.000000
186146.852955     8253557.957475
186125.049778     8253486.506764
FIM
394   -1.000000   242.253296   0.000000
186360.556386     8253359.577822
186590.265447     8253282.633650
FIM
395   170.391388   -1.000000   0.000000
186135.451554     8253213.890150
186298.957453     8253166.032532
FIM
396   252.061249   -1.000000   0.000000
186298.957453     8253166.032532
186541.622778     8253097.853281
FIM
397   136.770691   136.770691   0.000000
186026.961472     8253169.079907
185986.556132     8253038.413805
FIM
398   -1.000000   224.216278   0.000000
186026.961472     8253169.079907
186135.451554     8253213.890150
FIM
399   185.340530   -1.000000   0.000000
185813.601587     8253315.428324
185990.243402     8253259.314322
FIM
400   -1.000000   215.312653   0.000000
186590.265447     8253282.633650
186796.456406     8253220.646290
FIM
401   392.504578   -1.000000   0.000000
186541.622778     8253097.853281
186917.725437     8252985.646312
FIM
402   -1.000000   563.665527   0.000000
186971.072037     8253165.207686
187508.262031     8252994.486446
FIM
403   568.637390   -1.000000   0.000000
186917.725437     8252985.646312
187461.696601     8252819.984487
FIM
404   -1.000000   183.204956   0.000000
186796.456406     8253220.646290
186971.072037     8253165.207686
FIM
405   -1.000000   431.092590   0.000000
187508.262031     8252994.486446
187921.345183     8252871.185424
FIM
406   254.318237   -1.000000   0.000000
187461.696601     8252819.984487
187704.953352     8252745.796079
FIM
407   174.600510   -1.000000   0.000000
187704.953352     8252745.796079
187872.033464     8252695.105098
FIM
408   316.187439   316.187439   0.000000
187666.685080     8252673.041196
187465.018229     8252441.762783
FIM
409   214.491592   -1.000000   0.000000
187872.033464     8252695.105098
188077.322502     8252632.951613
FIM
410   -1.000000   213.022186   0.000000
187921.345183     8252871.185424
188125.463083     8252810.240082
FIM
411   121.143097   121.143097   0.000000
188062.330379     8253030.346306
188177.888315     8252993.986812
FIM
412   191.104553   191.104553   0.000000
188177.888315     8252993.986812
188125.463083     8252810.240082
FIM
413   -1.000000   136.587036   0.000000
188272.656160     8252766.325313
188403.536334     8252727.256159
FIM
414   134.546890   134.546890   0.000000
188228.367116     8252632.098210
188355.933962     8252589.324791
FIM
415   145.914520   145.914520   0.000000
188355.933962     8252589.324791
188403.536334     8252727.256159
FIM
416   166.437988   -1.000000   0.000000
188184.050237     8252599.323645
188342.799435     8252549.320681
FIM
417   -1.000000   722.494446   0.000000
188403.536334     8252727.256159
189115.262436     8252631.404025
FIM
418   46.389778   46.389778   0.000000
188089.900665     8252677.603615
188077.322502     8252632.951613
FIM
419   -1.000000   153.604385   0.000000
188125.463083     8252810.240082
188272.656160     8252766.325313
FIM
420   137.321228   137.321228   0.000000
188125.463083     8252810.240082
188089.900665     8252677.603615
FIM
421   48.839386   -1.000000   0.000000
188137.079649     8252612.704577
188184.050237     8252599.323645
FIM
422   63.094051   63.094051   0.000000
188077.322502     8252632.951613
188137.079649     8252612.704577
FIM
423   718.850586   -1.000000   0.000000
188342.799435     8252549.320681
188990.639563     8252243.506132
FIM
424   1126.153931   1126.153931   0.000000
187823.586734     8251531.115740
188137.079649     8252612.704577
FIM
425   33.430359   33.430359   0.000000
187814.242395     8251499.028058
187823.586734     8251531.115740
FIM
426   178.171280   178.171280   0.000000
187776.169714     8251325.553493
187814.242395     8251499.028058
FIM
427   593.598022   593.598022   0.000000
187333.200974     8250958.687005
187776.169714     8251325.553493
FIM
428   -1.000000   382.566132   0.000000
189115.262436     8252631.404025
189476.492191     8252505.428164
FIM
429   443.209473   -1.000000   0.000000
188990.639563     8252243.506132
189412.864251     8252108.743561
FIM
430   321.093353   -1.000000   0.000000
189412.864251     8252108.743561
189725.235649     8252034.412874
FIM
431   717.677795   717.677795   0.000000
189586.521861     8255754.228944
189805.877664     8255070.896634
FIM
432   52.652420   52.652420   0.000000
189536.020143     8255739.334190
189586.521861     8255754.228944
FIM
433   2126.366211   2126.366211   0.000000
190878.407714     8255038.638143
191219.232974     8252948.989351
FIM
434   296.668549   296.668549   0.000000
190593.084042     8254957.392359
190878.407714     8255038.638143
FIM
435   957.230957   957.230957   0.000000
187328.837316     8248572.562765
186892.736801     8247939.264640
FIM
436   662.478882   662.478882   0.000000
187198.312170     8248665.629502
186675.462596     8248258.804489
FIM
437   70.449272   70.449272   0.000000
187254.182077     8248708.543420
187198.312170     8248665.629502
FIM
438   263.734009   263.734009   0.000000
186892.736801     8247939.264640
186681.156253     8247781.818453
FIM
439   217.528442   217.528442   0.000000
186759.350638     8248111.098148
186892.736801     8247939.264640
FIM
440   341.398926   341.398926   0.000000
186618.672167     8248214.494165
186349.086209     8248005.026653
FIM
441   72.031647   72.031647   0.000000
186675.462596     8248258.804489
186618.672167     8248214.494165
FIM
442   206.059677   206.059677   0.000000
186599.606825     8247721.276368
186434.293619     8247598.263628
FIM
443   101.566002   101.566002   0.000000
186681.156253     8247781.818453
186599.606825     8247721.276368
FIM
444   569.717834   569.717834   0.000000
186857.285178     8247338.406780
186754.429583     8246884.679886
FIM
445   403.228882   403.228882   0.000000
186699.930458     8247315.051174
186394.854768     8247052.626631
FIM
446   158.778870   158.778870   0.000000
186682.657578     8246922.644782
186770.225586     8246790.363288
FIM
447   604.723633   604.723633   0.000000
186770.225586     8246790.363288
187127.877321     8246303.250854
FIM
448   193.723099   193.723099   0.000000
186598.935045     8246869.730928
186770.225586     8246790.363288
FIM
449   332.370636   332.370636   0.000000
186754.429583     8246884.679886
186951.735190     8246617.246203
FIM
450   394.239685   394.239685   0.000000
186951.735190     8246617.246203
187183.317553     8246298.617918
FIM
451   -1.000000   113.091667   0.000000
191719.128879     8251713.345653
191826.879206     8251679.000473
FIM
452   -1.000000   108.697090   0.000000
191826.879206     8251679.000473
191931.554889     8251649.710446
FIM
453   -1.000000   413.921295   0.000000
191931.554889     8251649.710446
192324.992685     8251521.112043
FIM
454   414.599121   -1.000000   0.000000
191871.555197     8251443.555502
192263.946551     8251309.684425
FIM
455   118.397026   -1.000000   0.000000
191759.440334     8251481.595310
191871.555197     8251443.555502
FIM
456   112.402107   -1.000000   0.000000
191651.493389     8251512.848327
191759.440334     8251481.595310
FIM
457   -1.000000   391.404114   0.000000
192324.992685     8251521.112043
192699.870046     8251408.576974
FIM
458   389.727295   -1.000000   0.000000
192263.946551     8251309.684425
192637.860157     8251199.962402
FIM
459   103.355621   103.355621   0.000000
192699.870046     8251408.576974
192798.073918     8251376.357281
FIM
460   1574.329102   1574.329102   0.000000
192798.073918     8251376.357281
194304.142058     8250917.843940
FIM
461   716.895020   716.895020   0.000000
192739.862650     8251169.273797
193326.293312     8251159.606188
FIM
462   106.519005   -1.000000   0.000000
192637.860157     8251199.962402
192739.862650     8251169.273797
FIM
463   2016.508057   2016.508057   0.000000
192026.538494     8251165.097339
193739.040017     8250306.845820
FIM
464   293.604919   293.604919   0.000000
190831.328207     8251753.645758
190923.084422     8251984.707837
FIM
465   -1.000000   841.216858   0.000000
190923.084422     8251984.707837
191719.128879     8251713.345653
FIM
466   854.933411   -1.000000   0.000000
190831.328207     8251753.645758
191651.493389     8251512.848327
FIM
467   24.626621   24.626621   0.000000
186746.270677     8255416.545353
186767.391411     8255403.881032
FIM
468   68.968216   68.968216   0.000000
186686.471759     8255450.887621
186746.270677     8255416.545353
FIM
469   298.266144   298.266144   0.000000
186692.266258     8255341.466706
186604.963901     8255056.263280
FIM
470   253.527145   253.527145   0.000000
186451.573744     8255421.110442
186692.266258     8255341.466706
FIM
471   34.045017   34.045017   0.000000
186701.781146     8255374.155086
186692.266258     8255341.466706
FIM
472   72.030121   72.030121   0.000000
186701.781146     8255374.155086
186767.391411     8255403.881032
FIM
473   356.309875   356.309875   0.000000
186767.391411     8255403.881032
187074.258934     8255222.803578
FIM
474   182.923004   182.923004   0.000000
186604.963901     8255056.263280
186551.118315     8254881.444868
FIM
475   121.686363   121.686363   0.000000
186551.118315     8254881.444868
186515.100242     8254765.211186
FIM
476   954.151550   954.151550   0.000000
186194.517369     8255180.919587
185933.631811     8254263.126603
FIM
477   187.771545   187.771545   0.000000
186362.179538     8255130.326973
186309.204062     8254950.183276
FIM
478   253.830017   253.830017   0.000000
186362.179538     8255130.326973
186604.963901     8255056.263280
FIM
479   122.524292   122.524292   0.000000
186309.204062     8254950.183276
186271.941191     8254833.462752
FIM
480   252.556137   252.556137   0.000000
186271.941191     8254833.462752
186515.100242     8254765.211186
FIM
481   277.340607   277.340607   0.000000
186515.100242     8254765.211186
186434.053700     8254499.976825
FIM
482   292.763428   292.763428   0.000000
186434.053700     8254499.976825
186348.571550     8254219.971068
FIM
483   284.559448   284.559448   0.000000
186348.571550     8254219.971068
186265.604365     8253947.775319
FIM
484   328.008667   328.008667   0.000000
186729.220163     8253995.081239
186956.626220     8253758.699825
FIM
485   82.278572   82.278572   0.000000
186956.626220     8253758.699825
186932.740227     8253679.964682
FIM
486   351.808105   351.808105   0.000000
187067.041885     8253661.693456
187415.471490     8253613.054351
FIM
487   29.414068   29.414068   0.000000
186932.740227     8253679.964682
186924.915022     8253651.610606
FIM
488   449.701965   449.701965   0.000000
186924.915022     8253651.610606
186796.456406     8253220.646290
FIM
489   531.544556   531.544556   0.000000
187108.590640     8254268.058697
186956.626220     8253758.699825
FIM
490   561.649353   561.649353   0.000000
187232.423581     8254198.441916
187067.041885     8253661.693456
FIM
491   1361.173828   1361.173828   0.000000
187462.659838     8254945.111348
188037.612438     8253830.989980
FIM
492   165.365463   165.365463   0.000000
187343.712586     8255059.990794
187462.659838     8254945.111348
FIM
493   315.091980   315.091980   0.000000
187074.258934     8255222.803578
187343.712586     8255059.990794
FIM
494   81.867065   81.867065   0.000000
187066.950118     8255408.190625
187069.777670     8255490.008844
FIM
495   857.188293   857.188293   0.000000
188037.612438     8253830.989980
188177.888315     8252993.986812
FIM
496   562.782349   562.782349   0.000000
187854.394865     8253372.934707
188062.330379     8253030.346306
FIM
497   -1.000000   346.361694   0.000000
189476.492191     8252505.428164
189803.571028     8252391.472613
FIM
498   -1.000000   79.857903   0.000000
189803.571028     8252391.472613
189878.893050     8252364.941925
FIM
499   -1.000000   178.812134   0.000000
189878.893050     8252364.941925
190047.673776     8252305.892392
FIM
500   146.193726   -1.000000   0.000000
190292.736832     8251894.355651
190434.231109     8251857.586409
FIM
501   -1.000000   353.520264   0.000000
190047.673776     8252305.892392
190379.394078     8252183.676629
FIM
502   295.692780   -1.000000   0.000000
190006.043901     8251966.735464
190292.736832     8251894.355651
FIM
503   303.743958   303.743958   0.000000
190537.495552     8251830.605187
190831.328207     8251753.645758
FIM
504   -1.000000   291.260529   0.000000
190649.349343     8252084.215605
190923.084422     8251984.707837
FIM
505   243.428528   243.428528   0.000000
186195.845873     8253884.662486
186022.071922     8253991.810282
FIM
506   56.771996   56.771996   0.000000
186178.307621     8253830.667401
186195.845873     8253884.662486
FIM
507   148.178040   148.178040   0.000000
185823.142389     8253872.255819
185965.022799     8253829.516110
FIM
508   62.390160   62.390160   0.000000
186158.748403     8253771.422410
186178.307621     8253830.667401
FIM
509   202.248581   202.248581   0.000000
185965.022799     8253829.516110
186158.748403     8253771.422410
FIM
510   124.540771   124.540771   0.000000
185823.142389     8253872.255819
185789.567598     8253752.326100
FIM
511   177.829575   177.829575   0.000000
186265.604365     8253947.775319
186213.783159     8253777.663828
FIM
512   229.674850   229.674850   0.000000
186213.783159     8253777.663828
186146.852955     8253557.957475
FIM
513   1084.760132   1084.760132   0.000000
187465.018229     8252441.762783
186498.815015     8252280.872180
FIM
514   2151.308838   2151.308838   0.000000
184836.950916     8252187.720904
184947.976586     8252575.287545
FIM
515   600.439331   -1.000000   0.000000
184633.709185     8252102.669806
184813.586857     8252675.532254
FIM
516   1148.263062   -1.000000   0.000000
184292.539834     8251006.261615
184633.709185     8252102.669806
FIM
517   257.440674   257.440674   0.000000
185643.504743     8251245.746885
185698.877106     8251001.025844
FIM
518   927.087036   927.087036   0.000000
184907.799159     8250758.303662
185420.743780     8249986.407635
FIM
519   559.393982   559.393982   0.000000
185177.197732     8250936.749466
185643.504743     8251245.746885
FIM
520   466.721039   466.721039   0.000000
185350.401780     8250687.036429
185736.517997     8250949.224911
FIM
521   706.612732   706.612732   0.000000
185742.057092     8250941.576096
186124.923574     8250348.293581
FIM
522   9.443831   9.443831   0.000000
185736.517997     8250949.224911
185742.057092     8250941.576096
FIM
523   64.037285   64.037285   0.000000
185698.877106     8251001.025844
185736.517997     8250949.224911
FIM
524   83.993919   -1.000000   0.000000
183975.177371     8249931.895695
184014.591516     8249952.434008
FIM
525   -1.000000   86.882675   0.000000
183972.214742     8249901.154044
184001.588797     8249868.220384
FIM
526   93.749146   -1.000000   0.000000
184098.321422     8249882.777369
184055.299606     8249859.443381
FIM
527   83.993637   -1.000000   0.000000
184067.142648     8249947.065485
184092.286549     8249915.882307
FIM
528   130.752274   -1.000000   0.000000
184047.208221     8249798.746758
184153.491089     8249874.646785
FIM
529   -1.000000   2696.564453   0.000000
184014.591516     8249952.434008
184734.299616     8252546.758335
FIM
530   -1.000000   118.198936   0.000000
183975.177371     8249931.895695
184092.286549     8249915.882307
FIM
531   127.438675   -1.000000   0.000000
183972.214742     8249901.154044
184098.321422     8249882.777369
FIM
532   -1.000000   85.215218   0.000000
184001.588797     8249868.220384
184014.591516     8249952.434008
FIM
533   -1.000000   3065.140381   0.000000
184047.208221     8249798.746758
183623.838864     8246763.003924
FIM
534   -1.000000   61.233574   0.000000
184055.299606     8249859.443381
184047.208221     8249798.746758
FIM
535   55.765568   -1.000000   0.000000
184098.321422     8249882.777369
184153.491089     8249874.646785
FIM
536   -1.000000   88.419205   0.000000
184067.142648     8249947.065485
184055.299606     8249859.443381
FIM
537   -1.000000   52.118855   0.000000
184092.286549     8249915.882307
184143.933741     8249908.886556
FIM
538   1091.002930   -1.000000   0.000000
184153.491089     8249874.646785
185176.642361     8249603.182495
FIM
539   -1.000000   115.860123   0.000000
184074.795716     8250001.371041
184143.933741     8249908.886556
FIM
540   -1.000000   664.752014   0.000000
184143.933741     8249908.886556
184802.651437     8249819.520746
FIM
541   -1.000000   54.842163   0.000000
184074.795716     8250001.371041
184067.142648     8249947.065485
FIM
542   134.425858   -1.000000   0.000000
183913.847575     8249909.573663
183992.736920     8249803.439144
FIM
543   -1.000000   65.383217   0.000000
183992.736920     8249803.439144
184001.588797     8249868.220384
FIM
544   58.971317   -1.000000   0.000000
183913.847575     8249909.573663
183972.214742     8249901.154044
FIM
545   192.661575   -1.000000   0.000000
185076.145502     8249868.826645
184986.881582     8249997.867781
FIM
546   287.101990   287.101990   0.000000
184802.651437     8249819.520746
185076.145502     8249868.826645
FIM
547   544.341064   544.341064   0.000000
184986.881582     8249997.867781
185176.642361     8249603.182495
FIM
548   364.106110   364.106110   0.000000
185076.145502     8249868.826645
185420.743780     8249986.407635
FIM
549   725.176392   725.176392   0.000000
185420.743780     8249986.407635
186097.121142     8250247.855148
FIM
550   120.541145   120.541145   0.000000
186124.923574     8250348.293581
186238.322870     8250314.071444
FIM
551   1270.551270   1270.551270   0.000000
186238.322870     8250314.071444
187333.200974     8250958.687005
FIM
552   22.046658   22.046658   0.000000
186097.121142     8250247.855148
186117.547565     8250256.139507
FIM
553   134.300964   134.300964   0.000000
186117.547565     8250256.139507
186238.322870     8250314.071444
FIM
554   1468.912354   -1.000000   0.000000
186256.939987     8249687.542783
185927.218405     8248622.759768
FIM
555   193.161148   193.161148   0.000000
186156.340264     8249515.625572
186057.827789     8249349.473463
FIM
556   937.803467   -1.000000   0.000000
186156.340264     8249515.625572
185926.642231     8248831.641799
FIM
557   267.541901   267.541901   0.000000
186057.827789     8249349.473463
185919.696643     8249120.348038
FIM
558   484.013702   -1.000000   0.000000
186059.278565     8249351.742440
185926.142275     8249008.420014
FIM
559   84.743401   84.743401   0.000000
185876.996628     8249193.547437
185919.696643     8249120.348038
FIM
560   12.414039   12.414039   0.000000
185919.696643     8249120.348038
185925.875246     8249109.580809
FIM
561   176.778915   176.778915   0.000000
185926.142275     8249008.420014
185926.642231     8248831.641799
FIM
562   245.127869   -1.000000   0.000000
185926.142275     8249008.420014
185876.996628     8249193.547437
FIM
563   288.520599   -1.000000   0.000000
185782.046815     8249354.912044
186059.278565     8249351.742440
FIM
564   187.227142   187.227142   0.000000
185782.046815     8249354.912044
185876.996628     8249193.547437
FIM
565   503.988190   -1.000000   0.000000
185684.682888     8249521.902880
186156.340264     8249515.625572
FIM
566   193.302032   193.302032   0.000000
185684.682888     8249521.902880
185782.046815     8249354.912044
FIM
567   699.119751   -1.000000   0.000000
185591.032764     8249687.345148
186256.939987     8249687.542783
FIM
568   1138.153198   1138.153198   0.000000
185258.251192     8249126.406095
185749.160701     8248124.597908
FIM
569   483.861755   483.861755   0.000000
185176.642361     8249603.182495
185258.251192     8249126.406095
FIM
570   380.431061   380.431061   0.000000
185927.993444     8248293.533900
185928.421437     8247913.103093
FIM
571   1244.264648   -1.000000   0.000000
185927.218405     8248622.759768
185684.682888     8249521.902880
FIM
572   329.226776   329.226776   0.000000
185927.218405     8248622.759768
185927.993444     8248293.533900
FIM
573   749.902344   -1.000000   0.000000
185926.642231     8248831.641799
185782.046815     8249354.912044
FIM
574   208.882828   208.882828   0.000000
185926.642231     8248831.641799
185927.218405     8248622.759768
FIM
575   102.003059   102.003059   0.000000
185928.421437     8247913.103093
185983.528279     8247827.266850
FIM
576   60.004860   60.004860   0.000000
185889.963413     8247959.163529
185928.421437     8247913.103093
FIM
577   150.102097   150.102097   0.000000
185983.528279     8247827.266850
186063.993519     8247700.563643
FIM
578   217.289352   217.289352   0.000000
185749.160701     8248124.597908
185889.963413     8247959.163529
FIM
579   328.629456   328.629456   0.000000
185631.518078     8247756.177522
185889.963413     8247959.163529
FIM
580   161.681931   161.681931   0.000000
185631.518078     8247756.177522
185733.350036     8247630.593683
FIM
581   318.229492   318.229492   0.000000
185733.350036     8247630.593683
185983.528279     8247827.266850
FIM
582   459.330658   459.330658   0.000000
185733.350036     8247630.593683
186063.993519     8247700.563643
FIM
583   391.520966   391.520966   0.000000
185450.341117     8247616.354398
185733.350036     8247630.593683
FIM
584   879.069580   879.069580   0.000000
185305.899950     8247782.512576
184680.040005     8247209.786525
FIM
585   220.215576   220.215576   0.000000
185305.899950     8247782.512576
185450.341117     8247616.354398
FIM
586   236.230270   236.230270   0.000000
185494.270320     8247925.062032
185305.899950     8247782.512576
FIM
587   156.634155   156.634155   0.000000
191094.319447     8252203.590681
191239.411507     8252144.577509
FIM
588   787.301819   787.301819   0.000000
191239.411507     8252144.577509
191969.437646     8251849.779257
FIM
589   94.474869   94.474869   0.000000
191113.525425     8252296.092739
191094.319447     8252203.590681
FIM
590   662.023499   662.023499   0.000000
191219.232974     8252948.989351
191113.525425     8252296.092739
FIM
591   329.074585   329.074585   0.000000
191219.232974     8252948.989351
190890.162452     8252950.622160
FIM
592   814.487976   814.487976   0.000000
191357.592311     8252947.952397
191239.411507     8252144.577509
FIM
593   138.363220   138.363220   0.000000
191357.592311     8252947.952397
191219.232974     8252948.989351
FIM
594   449.970184   449.970184   0.000000
192062.401468     8252288.634564
191969.437646     8251849.779257
FIM
595   853.224182   853.224182   0.000000
191969.437646     8251849.779257
192785.954112     8251602.395692
FIM
596   717.381287   717.381287   0.000000
192632.939160     8252115.409383
192785.954112     8251602.395692
FIM
597   28.035957   28.035957   0.000000
192606.400463     8252124.448875
192632.939160     8252115.409383
FIM
598   763.446594   763.446594   0.000000
192606.400463     8252124.448875
192830.437526     8252854.283190
FIM
599   1552.572876   1552.572876   0.000000
192785.954112     8251602.395692
194241.629396     8251554.471964
FIM
600   648.238342   648.238342   0.000000
194241.629396     8251554.471964
194473.013087     8250949.869054
FIM
601   896.588501   896.588501   0.000000
194241.629396     8251554.471964
194878.811991     8251888.806391
FIM
602   791.813904   791.813904   0.000000
193957.713823     8252293.628392
194241.629396     8251554.471964
FIM
603   117.103607   117.103607   0.000000
194878.811991     8251888.806391
194993.659961     8251905.158922
FIM
604   38.559101   38.559101   0.000000
193265.438834     8253445.134423
193277.610622     8253408.546831
FIM
605   1327.626465   1327.626465   0.000000
193277.610622     8253408.546831
193957.713823     8252293.628392
FIM
606   697.162659   697.162659   0.000000
192580.248817     8254659.194753
192178.700296     8254089.287290
FIM
607   400.572510   400.572510   0.000000
193093.894536     8255440.319135
193189.223544     8255060.327616
FIM
608   1153.284058   1153.284058   0.000000
193189.223544     8255060.327616
193107.163484     8253917.469862
FIM
609   565.656372   565.656372   0.000000
193783.733765     8254782.008265
194192.779096     8254391.304953
FIM
610   133.766296   133.766296   0.000000
194304.142058     8250917.843940
194435.608639     8250912.197546
FIM
611   53.087055   53.087055   0.000000
194435.608639     8250912.197546
194473.013087     8250949.869054
FIM
612   356.354614   356.354614   0.000000
194473.013087     8250949.869054
194802.765099     8251028.185344
FIM
613   42.652790   42.652790   0.000000
194414.058487     8250875.389238
194435.608639     8250912.197546
FIM
614   40.043026   40.043026   0.000000
194393.682292     8250840.918167
194414.058487     8250875.389238
FIM
615   96.668488   96.668488   0.000000
194595.834506     8250883.904474
194516.641615     8250828.467286
FIM
616   419.439606   419.439606   0.000000
194607.034758     8250819.630800
195009.000000     8250699.853366
FIM
617   1381.483398   1381.483398   0.000000
194192.779096     8254391.304953
193265.438834     8253445.134423
FIM
618   1078.188477   1078.188477   0.000000
194033.605597     8255372.415548
194192.779096     8254391.304953
FIM
619   498.188019   498.188019   0.000000
193107.163484     8253917.469862
193265.438834     8253445.134423
FIM
620   1366.657837   1366.657837   0.000000
190846.950251     8251379.303082
190107.303464     8250236.640176
FIM
621   73.454498   73.454498   0.000000
189830.147823     8250980.550891
189784.968546     8250922.659946
FIM
622   606.480774   606.480774   0.000000
189784.968546     8250922.659946
189398.111096     8250455.621277
FIM
623   156.154877   156.154877   0.000000
189920.037642     8250852.142197
189784.968546     8250922.659946
FIM
624   32.040054   32.040054   0.000000
189972.928073     8251177.158679
189956.135104     8251149.872031
FIM
625   211.112747   211.112747   0.000000
189956.135104     8251149.872031
189830.147823     8250980.550891
FIM
626   95.727348   95.727348   0.000000
183905.719813     8254780.075528
183932.126278     8254872.088703
FIM
627   90.493797   90.493797   0.000000
183880.638425     8254693.126974
183905.719813     8254780.075528
FIM
628   639.854370   639.854370   0.000000
183932.126278     8254872.088703
184109.325555     8255486.917140
FIM
629   98.326370   98.326370   0.000000
183853.270597     8254598.686105
183880.638425     8254693.126974
FIM
630   101.469238   101.469238   0.000000
183825.403022     8254501.118669
183853.270597     8254598.686105
FIM
631   93.093010   93.093010   0.000000
183799.675666     8254411.651290
183825.403022     8254501.118669
FIM
632   79.596352   79.596352   0.000000
183777.659748     8254335.160251
183799.675666     8254411.651290
FIM
633   225.952194   225.952194   0.000000
183608.847973     8254565.603609
183825.403022     8254501.118669
FIM
634   104.605774   104.605774   0.000000
183591.924314     8254978.839522
183566.675978     8254877.326517
FIM
635   434.951050   434.951050   0.000000
183694.527289     8255394.171069
184109.325555     8255486.917140
FIM
636   331.098419   331.098419   0.000000
184109.325555     8255486.917140
184421.319945     8255597.757879
FIM
637   59.419487   59.419487   0.000000
183566.539812     8246501.518999
183566.031159     8246442.101688
FIM
638   -1.000000   125.384697   0.000000
183623.838864     8246763.003924
183583.494538     8246644.974883
FIM
639   398.649597   398.649597   0.000000
183961.223110     8246401.276691
184347.661077     8246303.362494
FIM
640   1866.064331   1866.064331   0.000000
184421.319945     8255597.757879
186151.898668     8255758.997044
FIM
641   147.149826   147.149826   0.000000
189477.372041     8250333.766691
189352.069289     8250401.692356
FIM
642   70.909637   70.909637   0.000000
189398.111096     8250455.621277
189352.069289     8250401.692356
FIM
643   1333.359131   1333.359131   0.000000
189352.069289     8250401.692356
188343.526509     8249531.823169
FIM
644   592.737610   592.737610   0.000000
189873.544732     8250432.207084
189920.037642     8250852.142197
FIM
645   147.482971   147.482971   0.000000
190107.303464     8250236.640176
190220.865649     8250142.539917
FIM
646   713.702881   713.702881   0.000000
190107.303464     8250236.640176
189621.736419     8249714.302194
FIM
647   728.012634   728.012634   0.000000
190220.865649     8250142.539917
189728.592171     8249606.450170
FIM
648   298.714417   298.714417   0.000000
190220.865649     8250142.539917
190450.798372     8249951.853668
FIM
649   764.846130   764.846130   0.000000
190450.798372     8249951.853668
189943.682528     8249379.550532
FIM
650   1142.038086   1142.038086   0.000000
189943.682528     8249379.550532
189067.194155     8248648.014858
FIM
651   151.859055   151.859055   0.000000
189621.736419     8249714.302194
189728.592171     8249606.450170
FIM
652   1107.979980   1107.979980   0.000000
189621.736419     8249714.302194
188775.141038     8248999.803478
FIM
653   1447.920044   1447.920044   0.000000
189728.592171     8249606.450170
188599.482435     8248700.875865
FIM
654   312.645660   312.645660   0.000000
189728.592171     8249606.450170
189943.682528     8249379.550532
FIM
655   595.751953   595.751953   0.000000
189413.561206     8249934.471732
189477.372041     8250333.766691
FIM
656   402.205658   402.205658   0.000000
189704.279926     8251309.922015
189363.916472     8251524.216478
FIM
657   562.852905   562.852905   0.000000
190209.019275     8251621.274982
190755.393554     8251492.134577
FIM
658   504.235382   504.235382   0.000000
190209.019275     8251621.274982
189972.928073     8251177.158679
FIM
659   683.614990   683.614990   0.000000
190460.200015     8252458.975130
191094.319447     8252203.590681
FIM
660   286.912628   286.912628   0.000000
190460.200015     8252458.975130
190379.394078     8252183.676629
FIM
661   165.372025   165.372025   0.000000
190379.394078     8252183.676629
190534.354918     8252125.927046
FIM
662   302.020050   302.020050   0.000000
190379.394078     8252183.676629
190292.736832     8251894.355651
FIM
663   21.224001   21.224001   0.000000
187760.208382     8249460.305430
187772.963360     8249443.341683
FIM
664   273.431000   273.431000   0.000000
187772.963360     8249443.341683
187938.068369     8249225.385617
FIM
665   505.834412   505.834412   0.000000
187608.024842     8249323.479502
187197.528301     8249027.910466
FIM
666   857.220093   857.220093   0.000000
187938.068369     8249225.385617
187254.182077     8248708.543420
FIM
667   508.232513   508.232513   0.000000
188343.526509     8249531.823169
187938.068369     8249225.385617
FIM
668   367.405548   367.405548   0.000000
188614.833775     8249257.076243
188313.512831     8249047.994557
FIM
669   703.914307   703.914307   0.000000
188313.512831     8249047.994557
187757.908610     8248621.117587
FIM
670   2182.627197   2182.627197   0.000000
188517.768669     8248800.098583
186793.366170     8247462.086652
FIM
671   65.608398   65.608398   0.000000
188517.768669     8248800.098583
188559.469058     8248749.447428
FIM
672   695.396301   695.396301   0.000000
188559.469058     8248749.447428
188008.230004     8248325.523449
FIM
673   62.930653   62.930653   0.000000
188559.469058     8248749.447428
188599.482435     8248700.875865
FIM
674   731.216309   731.216309   0.000000
188599.482435     8248700.875865
188025.488200     8248247.879083
FIM
675   326.508881   326.508881   0.000000
188599.482435     8248700.875865
188800.791341     8248443.813309
FIM
676   139.584976   139.584976   0.000000
187757.908610     8248621.117587
187644.784838     8248539.343632
FIM
677   374.040222   374.040222   0.000000
188223.784843     8247991.642127
187928.419764     8247762.159197
FIM
678   1465.710083   1465.710083   0.000000
187928.419764     8247762.159197
186754.429583     8246884.679886
FIM
679   369.706879   369.706879   0.000000
188517.615880     8248216.010171
188223.784843     8247991.642127
FIM
680   363.431702   363.431702   0.000000
188800.791341     8248443.813309
188517.615880     8248216.010171
FIM
681   220.486206   220.486206   0.000000
189213.084892     8248482.696805
189067.194155     8248648.014858
FIM
682   58.729801   58.729801   0.000000
189258.679701     8248394.060291
189304.981216     8248430.170710
FIM
683   767.686829   767.686829   0.000000
189304.981216     8248430.170710
189898.869016     8248916.236182
FIM
684   335.661621   335.661621   0.000000
189067.194155     8248648.014858
188800.791341     8248443.813309
FIM
685   219.118134   219.118134   0.000000
190086.418008     8248792.139486
189946.046658     8248960.391194
FIM
686   1644.848755   1644.848755   0.000000
189946.046658     8248960.391194
191058.003395     8250170.514082
FIM
687   64.617294   64.617294   0.000000
189898.869016     8248916.236182
189946.046658     8248960.391194
FIM
688   61.534267   61.534267   0.000000
190043.534327     8248748.009499
190086.418008     8248792.139486
FIM
689   1856.434082   1856.434082   0.000000
190388.118222     8248668.377489
189479.624778     8247351.670989
FIM
690   729.996338   729.996338   0.000000
188678.734148     8247947.595403
188100.195904     8247502.413469
FIM
691   402.242554   402.242554   0.000000
188739.738935     8247997.455021
189058.681185     8248242.556884
FIM
692   201.666489   201.666489   0.000000
188642.281428     8248057.492439
188517.615880     8248216.010171
FIM
693   233.566864   233.566864   0.000000
188902.553739     8247965.814128
188678.734148     8247947.595403
FIM
694   162.714203   162.714203   0.000000
189011.381975     8247848.087542
188902.553739     8247965.814128
FIM
695   99.635086   99.635086   0.000000
189071.355576     8247769.149987
189011.381975     8247848.087542
FIM
696   1449.994141   1449.994141   0.000000
188100.195904     8247502.413469
186951.735190     8246617.246203
FIM
697   2867.652100   2867.652100   0.000000
189305.002036     8247146.843814
191434.495621     8248992.753959
FIM
698   666.636658   666.636658   0.000000
189305.002036     8247146.843814
189071.355576     8247769.149987
FIM
699   1497.609375   1497.609375   0.000000
191434.495621     8248992.753959
192317.766329     8247874.575896
FIM
700   145.497925   145.497925   0.000000
191434.495621     8248992.753959
191564.203319     8249058.674798
FIM
701   1738.574707   1738.574707   0.000000
191564.203319     8249058.674798
193092.239020     8249882.164794
FIM
702   686.879944   686.879944   0.000000
191227.901472     8249440.974609
190737.370550     8248960.159174
FIM
703   496.142883   496.142883   0.000000
191227.901472     8249440.974609
191434.495621     8248992.753959
FIM
704   455.031921   455.031921   0.000000
191150.553056     8249881.747546
191227.901472     8249440.974609
FIM
705   250.587296   250.587296   0.000000
191058.003395     8250170.514082
191222.178708     8250359.828546
FIM
706   1074.940308   1074.940308   0.000000
191222.178708     8250359.828546
191762.711887     8251274.388666
FIM
707   872.971985   872.971985   0.000000
192254.878940     8250203.615771
193085.323075     8249934.464013
FIM
708   57.843353   57.843353   0.000000
193085.323075     8249934.464013
193140.373373     8249916.706807
FIM
709   647.608398   647.608398   0.000000
193140.373373     8249916.706807
193683.198334     8250269.889104
FIM
710   59.250015   59.250015   0.000000
193092.239020     8249882.164794
193140.373373     8249916.706807
FIM
711   678.470093   678.470093   0.000000
193739.040017     8250306.845820
194303.400219     8250683.434793
FIM
712   66.966217   66.966217   0.000000
193683.198334     8250269.889104
193739.040017     8250306.845820
FIM
713   235.965164   235.965164   0.000000
194321.678477     8250695.568478
194516.641615     8250828.467286
FIM
714   21.939030   21.939030   0.000000
194303.400219     8250683.434793
194321.678477     8250695.568478
FIM
715   727.294678   727.294678   0.000000
190503.182465     8253183.458101
190460.200015     8252458.975130
FIM
716   20.150930   20.150930   0.000000
189557.832106     8253733.492259
189554.971324     8253713.570673
FIM
717   875.698792   875.698792   0.000000
189554.971324     8253713.570673
189554.971324     8253713.570673
FIM
718   67.370102   67.370102   0.000000
189625.198558     8253734.193354
189557.832106     8253733.492259
FIM
719   1147.436401   1147.436401   0.000000
189625.198558     8253734.193354
189557.832106     8253733.492259
FIM
720   419.916412   419.916412   0.000000
189161.180434     8253635.884234
188859.709932     8253809.082146
FIM
721   812.667786   812.667786   0.000000
189111.073925     8253818.425694
189161.180434     8253635.884234
FIM
722   1243.995361   1243.995361   0.000000
188905.046973     8253520.080854
189625.198558     8253734.193354
FIM
723   184.475250   184.475250   0.000000
192317.766329     8247874.575896
192421.775483     8247724.704207
FIM
724   199.453186   199.453186   0.000000
192225.655282     8247761.014498
192421.775483     8247724.704207
FIM
725   387.236725   387.236725   0.000000
192421.775483     8247724.704207
192742.326155     8247519.454902
FIM
726   737.246704   737.246704   0.000000
192427.057471     8247688.951102
192858.888661     8247151.557053
FIM
727   306.018494   306.018494   0.000000
189926.418594     8246283.270245
190232.422463     8246286.262706
FIM
728   116.141953   116.141953   0.000000
189810.280841     8246282.282429
189926.418594     8246283.270245
FIM
729   823.837830   823.837830   0.000000
189599.723132     8246377.609695
189305.002036     8247146.843814
FIM
730   57.638477   57.638477   0.000000
190232.422463     8246286.262706
190287.642998     8246302.781981
FIM
731   87.975945   87.975945   0.000000
190287.642998     8246302.781981
190371.734492     8246328.635160
FIM
732   170.755325   170.755325   0.000000
190371.734492     8246328.635160
190526.369043     8246400.823208
FIM
733   165.382462   165.382462   0.000000
190526.369043     8246400.823208
190667.592411     8246486.390481
FIM
734   161.887421   161.887421   0.000000
190667.592411     8246486.390481
190794.809857     8246586.450188
FIM
735   410.146729   410.146729   0.000000
190666.265218     8246436.096543
190975.069771     8246704.970975
FIM
736   161.851959   161.851959   0.000000
190709.557757     8246323.745142
190862.010697     8246378.097287
FIM
737   450.746796   450.746796   0.000000
190794.809857     8246586.450188
191085.473179     8246927.950531
FIM
738   176.446976   176.446976   0.000000
190975.069771     8246704.970975
191078.462108     8246847.293283
FIM
739   498.970520   498.970520   0.000000
191078.462108     8246847.293283
191319.464209     8247283.995081
FIM
740   143.244034   143.244034   0.000000
191085.473179     8246927.950531
191155.920532     8247052.674313
FIM
741   81.267136   81.267136   0.000000
191159.577441     8246842.328405
191078.462108     8246847.293283
FIM
742   163.802155   163.802155   0.000000
191155.920532     8247052.674313
191231.853064     8247197.813546
FIM
743   145.093994   145.093994   0.000000
191231.853064     8247197.813546
191298.971289     8247326.450287
FIM
744   146.013824   146.013824   0.000000
191298.971289     8247326.450287
191366.456516     8247455.933037
FIM
745   736.280518   736.280518   0.000000
191319.464209     8247283.995081
191825.486969     8247771.835712
FIM
746   304.223633   304.223633   0.000000
191366.456516     8247455.933037
191556.210671     8247688.484024
FIM
747   153.431229   153.431229   0.000000
191556.210671     8247688.484024
191686.604305     8247769.345901
FIM
748   141.962112   141.962112   0.000000
191686.604305     8247769.345901
191823.033910     8247806.502112
FIM
749   185.195648   185.195648   0.000000
191980.992985     8247806.730344
192163.128926     8247773.232687
FIM
750   63.710735   63.710735   0.000000
192163.128926     8247773.232687
192225.655282     8247761.014498
FIM
751   341.936310   341.936310   0.000000
192742.326155     8247519.454902
192880.333597     8247213.074228
FIM
752   1054.689697   1054.689697   0.000000
192880.333597     8247213.074228
192429.222003     8246298.975083
FIM
753   190.183044   190.183044   0.000000
192896.612914     8247408.464327
192742.326155     8247519.454902
FIM
754   692.001099   692.001099   0.000000
192858.888661     8247151.557053
192575.746960     8246541.240341
FIM
755   312.301880   312.301880   0.000000
192575.746960     8246541.240341
192429.222003     8246298.975083
FIM
756   483.977844   483.977844   0.000000
192390.730537     8247192.260324
192354.514062     8246709.639438
FIM
757   278.032837   278.032837   0.000000
192354.514062     8246709.639438
192575.746960     8246541.240341
FIM
758   158.206955   158.206955   0.000000
191814.842703     8247613.987236
191825.486969     8247771.835712
FIM
759   37.479187   37.479187   0.000000
191812.291649     8247576.594969
191814.842703     8247613.987236
FIM
760   105.230568   105.230568   0.000000
191805.188893     8247471.604384
191812.291649     8247576.594969
FIM
761   42.221447   42.221447   0.000000
191802.421630     8247429.473719
191805.188893     8247471.604384
FIM
762   89.791473   89.791473   0.000000
191796.326978     8247339.889321
191802.421630     8247429.473719
FIM
763   38.660240   38.660240   0.000000
191793.881848     8247301.306483
191796.326978     8247339.889321
FIM
764   42.957478   42.957478   0.000000
191790.921544     8247258.451128
191793.881848     8247301.306483
FIM
765   88.411484   88.411484   0.000000
191784.819821     8247170.250454
191790.921544     8247258.451128
FIM
766   367.270477   367.270477   0.000000
191760.399204     8246803.792756
191784.819821     8247170.250454
FIM
767   218.592819   218.592819   0.000000
191690.823581     8246808.732050
191674.956645     8246590.715851
FIM
768   123.820999   123.820999   0.000000
191690.823581     8246808.732050
191567.237680     8246816.358580
FIM
769   216.504272   216.504272   0.000000
191567.237680     8246816.358580
191551.257969     8246600.444833
FIM
770   127.744942   127.744942   0.000000
191567.237680     8246816.358580
191439.766174     8246824.712324
FIM
771   217.462952   217.462952   0.000000
191439.766174     8246824.712324
191421.759434     8246607.996172
FIM
772   138.376556   138.376556   0.000000
191439.766174     8246824.712324
191301.649477     8246833.188712
FIM
773   204.952957   204.952957   0.000000
191301.649477     8246833.188712
191285.865630     8246628.844438
FIM
774   142.365723   142.365723   0.000000
191301.649477     8246833.188712
191159.577441     8246842.328405
FIM
775   116.784264   116.784264   0.000000
191468.787621     8247275.807369
191585.417162     8247269.797788
FIM
776   206.864517   206.864517   0.000000
191589.964703     8247354.295556
191796.326978     8247339.889321
FIM
777   205.817383   205.817383   0.000000
191585.417162     8247269.797788
191790.921544     8247258.451128
FIM
778   174.565414   174.565414   0.000000
191029.475255     8246539.100164
190975.069771     8246704.970975
FIM
779   206.553558   206.553558   0.000000
191093.993026     8246342.881334
191029.475255     8246539.100164
FIM
780   136.046814   136.046814   0.000000
186793.366170     8247462.086652
186875.113073     8247353.339083
FIM
781   663.959534   663.959534   0.000000
186793.366170     8247462.086652
186255.016443     8247512.258138
FIM
782   23.255268   23.255268   0.000000
186875.113073     8247353.339083
186857.285178     8247338.406780
FIM
783   491.632416   491.632416   0.000000
186875.113073     8247353.339083
187171.865354     8246961.369058
FIM
784   389.030273   389.030273   0.000000
186394.854768     8247052.626631
186100.920770     8246801.386441
FIM
785   456.625000   456.625000   0.000000
186376.214161     8247080.039501
186038.012521     8246778.921123
FIM
786   613.344299   613.344299   0.000000
186225.318968     8247348.786058
186038.012521     8246778.921123
FIM
787   642.013428   642.013428   0.000000
186255.016443     8247512.258138
186349.086209     8248005.026653
FIM
788   394.455597   394.455597   0.000000
186063.993519     8247700.563643
186225.318968     8247348.786058
FIM
789   135.938339   135.938339   0.000000
186100.920770     8246801.386441
186014.019956     8246696.935404
FIM
790   85.424240   85.424240   0.000000
186038.012521     8246778.921123
186014.019956     8246696.935404
FIM
791   310.420074   310.420074   0.000000
186014.019956     8246696.935404
185961.539307     8246392.965451
FIM
792   107.313248   107.313248   0.000000
185961.539307     8246392.965451
185954.577214     8246285.878925
FIM
793   61.327160   61.327160   0.000000
186888.115014     8257013.930644
186941.481060     8256983.713334
FIM
794   1010.679688   -1.000000   0.000000
186941.481060     8256983.713334
187459.820987     8257851.352139
FIM
795   1454.954468   -1.000000   0.000000
186888.115014     8257013.930644
186151.898668     8255758.997044
FIM
796   56.656612   56.656612   0.000000
188016.380757     8258913.251972
188066.687784     8258887.190989
FIM
797   41.172684   41.172684   0.000000
188066.687784     8258887.190989
188087.460287     8258922.739451
FIM
798   1538.169922   -1.000000   0.000000
188016.380757     8258913.251972
187231.307922     8257590.518638
FIM
799   27.123631   27.123631   0.000000
183597.744494     8249983.956140
183598.154265     8249956.835605
FIM
800   288.848602   -1.000000   0.000000
189725.235649     8252034.412874
190006.043901     8251966.735464
FIM
801   1843.786377   1843.786377   0.000000
185986.556132     8253038.413805
185643.504743     8251245.746885
FIM
802   4022.439453   4022.439453   0.000000
191065.491578     8251799.761565
188559.469058     8248749.447428
FIM